100
100 66
81 11
55 19
96 14
66 10
75 49
58 1
80 64
95 47
79 45
89 36
31 30
96 61
93 86
61 50
64 32
82 13
75 57
46 5
96 49
98 3
34 6
91 7
62 50
46 31
100 4
16 2
47 20
86 41
73 17
71 43
84 47
100 18
55 23
37 10
19 4
84 61
61 27
42 29
95 41
93 5
72 58
24 10
80 45
78 68
19 18
30 28
95 91
90 15
87 47
91 18
71 23
89 55
75 47
37 23
54 20
79 5
74 28
33 20
90 4
95 47
75 35
53 32
53 37
96 11
97 84
6 2
38 38
92 25
57 26
21 12
95 10
78 13
26 11
83 57
87 17
64 3
51 37
76 36
90 56
95 66
47 44
90 5
53 23
73 31
67 52
60 13
46 2
54 16
87 60
90 15
86 51
35 32
89 49
85 3
84 45
83 77
97 78
69 23
89 61
